99.75
98.0
96.55
94.8
93.05
93.55
94.05
92.3
90.55
88.8
87.05
85.3
85.8
86.3
84.55
82.8
81.05
81.55
79.8
80.3
78.55
76.8
77.3
77.8
78.3
78.8
79.3
79.8
80.3
80.8
81.3
81.8
80.05
78.3
76.55
74.8
75.3
73.55
71.8
72.3
72.8
73.3
73.8
72.05
72.55
73.05
73.55
74.05
72.3
72.8
73.3
71.55
69.8
68.05
66.3
64.55
62.8
61.05
59.3
57.55
55.8
54.05
52.3
50.55
48.8
47.05
45.3
43.55
41.8
40.05
38.3
36.55
34.8
33.05
31.299999999999997
29.549999999999997
27.799999999999997
26.049999999999997
24.299999999999997
22.549999999999997
20.799999999999997
19.049999999999997
17.299999999999997
15.549999999999997
13.799999999999997
12.049999999999997
10.299999999999997
8.549999999999997
6.799999999999997
5.049999999999997
3.299999999999997
1.5499999999999972
0
0.5
0
0
0
0
0.5
1.0
0
0
0
0
0
0.5
0
0
0
0
0
0
0
0
0
0
0
0
0
0
0
0.5
1.0
1.5
2.0
45.112000000000094
